0.000000000000000000e+00 1.000000000000000000e+00 4.200000000000000000e+09 -1.000000000000000000e+00 2.762769664540609595e-03 8.900000000000000000e+11 -1.000000000000000000e+00 4.060235460051946771e-03 1.973406903243292692e-03 6.333672678020290563e-05
3.000000000000000000e+00 1.000000000000000000e+00 4.342574493240232468e+09 -1.000000000000000000e+00 2.667932880394337757e-03 8.550000000000000000e+11 -1.000000000000000000e+00 3.920860947999741178e-03 1.905666343138812807e-03 6.591552759134716494e-05
6.000000000000000000e+00 1.000000000000000000e+00 4.489988864128730774e+09 -1.000000000000000000e+00 2.575939735111187814e-03 8.200000000000000000e+11 -1.000000000000000000e+00 3.785665518806238111e-03 1.839956953650848624e-03 6.871446993515005854e-05
1.000000000000000000e+00 1.000000000000000000e+00 4.246996984674526215e+09 -1.000000000000000000e+00 2.715595534773277211e-03 6.920000000000000000e+11 -1.000000000000000000e+00 3.990907178025126893e-03 1.939711096266626827e-03 8.136171395273019704e-05
4.000000000000000000e+00 1.000000000000000000e+00 4.391166852027566910e+09 -1.000000000000000000e+00 2.619193293099622826e-03 6.480000000000000000e+11 -1.000000000000000000e+00 3.849232030402223882e-03 1.870852352214016304e-03 8.686316751361815509e-05
7.000000000000000000e+00 1.000000000000000000e+00 4.540230754089742661e+09 -1.000000000000000000e+00 2.525627754499410772e-03 6.080000000000000000e+11 -1.000000000000000000e+00 3.711725772627886936e-03 1.804019824642436390e-03 9.255546097075701935e-05
2.000000000000000000e+00 1.000000000000000000e+00 4.294519854246314049e+09 -1.000000000000000000e+00 2.621549674999816386e-03 3.680000000000000000e+11 -1.000000000000000000e+00 3.852695028230594242e-03 1.872535482142725959e-03 1.526957788005284082e-04
5.000000000000000000e+00 1.000000000000000000e+00 4.440302947562810898e+09 -1.000000000000000000e+00 2.520790315379589381e-03 3.420000000000000000e+11 -1.000000000000000000e+00 3.704616551000680397e-03 1.800564510985421017e-03 1.642783585307066034e-04
8.000000000000000000e+00 1.000000000000000000e+00 4.591034838653735161e+09 -1.000000000000000000e+00 2.426602866069972608e-03 3.270000000000000000e+11 -1.000000000000000000e+00 3.566196317679369999e-03 1.733287761478551894e-03 1.717984526392203463e-04
9.000000000000000000e+00 0.000000000000000000e+00 4.642407408642407417e+09 -1.000000000000000000e+00 2.452985399269559229e-03 0.000000000000000000e+00 -1.000000000000000000e+00 3.604968748909452309e-03 1.752132428049685319e-03 1.097654854718720297e-04
1.300000000000000000e+01 0.000000000000000000e+00 5.200000000000000000e+09 -1.000000000000000000e+00 2.179527285159940913e-03 0.000000000000000000e+00 -1.000000000000000000e+00 3.203087858874624060e-03 1.556805203685672143e-03 1.097654854718720297e-04
1.700000000000000000e+01 0.000000000000000000e+00 5.392765804464035034e+09 -1.000000000000000000e+00 2.098144618795856706e-03 0.000000000000000000e+00 -1.000000000000000000e+00 3.083485855115119731e-03 1.498674727711326281e-03 1.097654854718720297e-04
2.100000000000000000e+01 0.000000000000000000e+00 5.592677504191658974e+09 -1.000000000000000000e+00 2.019671370669219503e-03 0.000000000000000000e+00 -1.000000000000000000e+00 2.968159605229497323e-03 1.442622407620871260e-03 1.097654854718720297e-04
1.000000000000000000e+01 0.000000000000000000e+00 4.694354825270235062e+09 -1.000000000000000000e+00 2.424764732733491763e-03 0.000000000000000000e+00 -1.000000000000000000e+00 3.563494950913665901e-03 1.731974809095351321e-03 1.097654854718720297e-04
1.400000000000000000e+01 0.000000000000000000e+00 5.247535650963444710e+09 -1.000000000000000000e+00 2.158903031098011963e-03 0.000000000000000000e+00 -1.000000000000000000e+00 3.172777938813558032e-03 1.542073593641437148e-03 1.097654854718720297e-04
1.800000000000000000e+01 0.000000000000000000e+00 5.442063618504150391e+09 -1.000000000000000000e+00 2.078257674951575554e-03 0.000000000000000000e+00 -1.000000000000000000e+00 3.054259504607163053e-03 1.484469767822554215e-03 1.097654854718720297e-04
1.100000000000000000e+01 0.000000000000000000e+00 4.746883520932143211e+09 -1.000000000000000000e+00 2.396856381033775005e-03 0.000000000000000000e+00 -1.000000000000000000e+00 3.522480138619630240e-03 1.712040272166982270e-03 1.097654854718720297e-04
1.500000000000000000e+01 0.000000000000000000e+00 5.295505847717758179e+09 -1.000000000000000000e+00 2.138465627598170899e-03 0.000000000000000000e+00 -1.000000000000000000e+00 3.142742619016009042e-03 1.527475448284407785e-03 1.097654854718720297e-04
1.900000000000000000e+01 0.000000000000000000e+00 5.491812087098395348e+09 -1.000000000000000000e+00 2.058550904309434330e-03 0.000000000000000000e+00 -1.000000000000000000e+00 3.025297941147388897e-03 1.470393503078167626e-03 1.097654854718720297e-04
1.200000000000000000e+01 0.000000000000000000e+00 4.800000000000002861e+09 -1.000000000000000000e+00 2.369256888716617798e-03 0.000000000000000000e+00 -1.000000000000000000e+00 3.481919233805949414e-03 1.692326349083298582e-03 1.097654854718720297e-04
1.600000000000000000e+01 0.000000000000000000e+00 5.343914562650834084e+09 -1.000000000000000000e+00 2.118213382454050501e-03 0.000000000000000000e+00 -1.000000000000000000e+00 3.112979412573138073e-03 1.513009558895750482e-03 1.097654854718720297e-04
2.000000000000000000e+01 0.000000000000000000e+00 5.542015329892460823e+09 -1.000000000000000000e+00 2.039022675181619091e-03 0.000000000000000000e+00 -1.000000000000000000e+00 2.996598766766537473e-03 1.456444767986870810e-03 1.097654854718720297e-04
2.200000000000000000e+01 -1.000000000000000000e+00 5.643802805305190086e+09 -1.000000000000000000e+00 2.000287733355071013e-03 0.000000000000000000e+00 -1.000000000000000000e+00 2.939672926597610651e-03 1.428776952396479264e-03 1.100000000000000039e-04
2.300000000000000000e+01 -1.000000000000000000e+00 5.695395466893555641e+09 -1.000000000000000000e+00 1.981285492044519442e-03 0.000000000000000000e+00 -1.000000000000000000e+00 2.911746757080183913e-03 1.415203922888942428e-03 1.100000000000000039e-04
2.400000000000000000e+01 -1.000000000000000000e+00 5.747459761319139481e+09 -1.000000000000000000e+00 1.962455412166761760e-03 0.000000000000000000e+00 -1.000000000000000000e+00 2.884073600314146935e-03 1.401753865833401226e-03 1.100000000000000039e-04
2.500000000000000000e+01 -1.000000000000000000e+00 5.800000000000006676e+09 -1.000000000000000000e+00 1.943795934654415176e-03 0.000000000000000000e+00 -1.000000000000000000e+00 2.856651165055047303e-03 1.388425667610296678e-03 1.100000000000000039e-04
2.600000000000000000e+01 2.000000000000000000e+00 6.500000000000000000e+09 -1.000000000000000000e+00 0.000000000000000000e+00 0.000000000000000000e+00 0.000000000000000000e+00 4.136536354706318690e-03 0.000000000000000000e+00 0.000000000000000000e+00
2.700000000000000000e+01 3.000000000000000000e+00 6.688718796962720871e+09 -1.000000000000000000e+00 -5.932320608615070379e-01 0.000000000000000000e+00 0.000000000000000000e+00 2.233089288825405438e-04 3.383969569246496854e-03 0.000000000000000000e+00
2.800000000000000000e+01 4.000000000000000000e+00 6.882916791514220238e+09 -1.000000000000000000e+00 0.000000000000000000e+00 0.000000000000000000e+00 0.000000000000000000e+00 2.167647066558398147e-04 0.000000000000000000e+00 2.198224769511929362e-03
2.900000000000000000e+01 2.000000000000000000e+00 7.082753064820232391e+09 -1.000000000000000000e+00 0.000000000000000000e+00 0.000000000000000000e+00 0.000000000000000000e+00 3.796191404602287413e-03 0.000000000000000000e+00 0.000000000000000000e+00
3.000000000000000000e+01 3.000000000000000000e+00 7.288391316755140305e+09 -1.000000000000000000e+00 4.348635371638778779e-03 0.000000000000000000e+00 0.000000000000000000e+00 2.042355044604880158e-04 3.106168122599127761e-03 0.000000000000000000e+00
3.100000000000000000e+01 4.000000000000000000e+00 7.499999999999998093e+09 -1.000000000000000000e+00 0.000000000000000000e+00 0.000000000000000000e+00 0.000000000000000000e+00 1.982331993645525335e-04 0.000000000000000000e+00 2.017774774546194499e-03
