------------------------------------------------------------------------------------
i    mode        F [GHz]     ltot [mm]   lwide [mm]  lal [mm]    lms [mm]    Fthz [GHz]  
------------------------------------------------------------------------------------
0    filter      4.200       6.073       4.026       1.957       0.089       890.0       
1    filter      4.356       5.850       3.875       1.883       0.092       855.0       
2    filter      4.517       5.635       3.728       1.812       0.095       820.0       
3    filter      4.251       5.982       3.953       1.921       0.107       692.0       
4    filter      4.409       5.759       3.800       1.847       0.113       648.0       
5    filter      4.572       5.544       3.651       1.774       0.118       608.0       
6    filter      4.303       5.842       3.811       1.852       0.179       368.0       
7    filter      4.463       5.616       3.651       1.775       0.190       342.0       
8    filter      4.628       5.402       3.502       1.702       0.198       327.0       
9    broadband   4.685       5.416       3.571       1.736       0.110       0.0         
10   broadband   5.252       4.821       3.170       1.541       0.110       0.0         
11   broadband   5.465       4.629       3.041       1.478       0.110       0.0         
12   broadband   5.686       4.445       2.917       1.418       0.110       0.0         
13   broadband   4.742       5.350       3.526       1.714       0.110       0.0         
14   broadband   5.304       4.772       3.137       1.525       0.110       0.0         
15   broadband   5.519       4.582       3.010       1.463       0.110       0.0         
16   broadband   4.800       5.284       3.482       1.692       0.110       0.0         
17   broadband   5.357       4.724       3.105       1.509       0.110       0.0         
18   broadband   5.574       4.536       2.978       1.448       0.110       0.0         
19   broadband   5.200       4.870       3.203       1.557       0.110       0.0         
20   broadband   5.411       4.676       3.073       1.493       0.110       0.0         
21   broadband   5.630       4.490       2.948       1.433       0.110       0.0         
22   blind       5.743       4.400       2.887       1.403       0.110       0.0         
23   blind       5.800       4.355       2.857       1.388       0.110       0.0         
------------------------------------------------------------------------------------
------------------------------------------------------------------------------------
i    mode        F [GHz]     ltot [mm]   lwide [mm]  lal [mm]    lms [mm]    Fthz [GHz]  
------------------------------------------------------------------------------------
0    blind       6.500       4.137       4.137       0.000       0.000       0.0         
1    blind       6.689       4.020       4.020       0.000       0.000       0.0         
2    blind       6.883       3.906       3.906       0.000       0.000       0.0         
3    blind       7.083       3.796       3.796       0.000       0.000       0.0         
4    blind       7.288       3.689       3.689       0.000       0.000       0.0         
5    blind       7.500       3.585       3.585       0.000       0.000       0.0         
------------------------------------------------------------------------------------
