------------------------------------------------------------------------------------
i    mode        F [GHz]     ltot [mm]   lwide [mm]  lal [mm]    lms [mm]    Fthz [GHz]  
------------------------------------------------------------------------------------
0    filter      4.200       6.118       4.198       1.829       0.090       890.0       
1    filter      4.356       5.895       4.040       1.761       0.094       855.0       
2    filter      4.517       5.679       3.888       1.694       0.098       820.0       
3    filter      4.251       6.027       4.117       1.794       0.116       692.0       
4    filter      4.409       5.804       3.957       1.724       0.124       648.0       
5    filter      4.572       5.589       3.801       1.656       0.132       608.0       
6    filter      4.303       5.891       3.951       1.722       0.218       368.0       
7    filter      4.463       5.665       3.782       1.648       0.234       342.0       
8    filter      4.628       5.451       3.626       1.580       0.245       327.0       
9    broadband   4.685       5.475       3.746       1.633       0.096       0.0         
10   broadband   5.252       4.878       3.330       1.451       0.096       0.0         
11   broadband   5.465       4.685       3.196       1.393       0.096       0.0         
12   broadband   5.686       4.501       3.068       1.337       0.096       0.0         
13   broadband   4.742       5.408       3.700       1.612       0.096       0.0         
14   broadband   5.304       4.829       3.296       1.436       0.096       0.0         
15   broadband   5.519       4.638       3.164       1.379       0.096       0.0         
16   broadband   4.800       5.342       3.654       1.592       0.096       0.0         
17   broadband   5.357       4.780       3.263       1.422       0.096       0.0         
18   broadband   5.574       4.592       3.131       1.365       0.096       0.0         
19   broadband   5.200       4.927       3.365       1.466       0.096       0.0         
20   broadband   5.411       4.733       3.229       1.407       0.096       0.0         
21   broadband   5.630       4.546       3.099       1.351       0.096       0.0         
22   blind       5.743       4.447       3.021       1.316       0.110       0.0         
23   blind       5.800       4.403       2.991       1.303       0.109       0.0         
------------------------------------------------------------------------------------
------------------------------------------------------------------------------------
i    mode        F [GHz]     ltot [mm]   lwide [mm]  lal [mm]    lms [mm]    Fthz [GHz]  
------------------------------------------------------------------------------------
0    blind       6.500       4.137       4.137       0.000       0.000       0.0         
1    blind       6.689       4.020       4.020       0.000       0.000       0.0         
2    blind       6.883       3.906       3.906       0.000       0.000       0.0         
3    blind       7.083       3.796       3.796       0.000       0.000       0.0         
4    blind       7.288       3.689       3.689       0.000       0.000       0.0         
5    blind       7.500       3.585       3.585       0.000       0.000       0.0         
------------------------------------------------------------------------------------
