------------------------------------------------------------------------------------
i    mode        F [GHz]     ltot [mm]   lwide [mm]  lal [mm]    lms [mm]    Fthz [GHz]  
------------------------------------------------------------------------------------
0    filter      4.200       6.097       4.060       1.973       0.063       890.0       
1    filter      4.343       5.892       3.921       1.906       0.066       855.0       
2    filter      4.490       5.694       3.786       1.840       0.069       820.0       
3    filter      4.247       6.012       3.991       1.940       0.081       692.0       
4    filter      4.391       5.807       3.849       1.871       0.087       648.0       
5    filter      4.540       5.608       3.712       1.804       0.093       608.0       
6    filter      4.295       5.878       3.853       1.873       0.153       368.0       
7    filter      4.440       5.669       3.705       1.801       0.164       342.0       
8    filter      4.591       5.471       3.566       1.733       0.172       327.0       
9    broadband   4.642       5.467       3.605       1.752       0.110       0.0         
10   broadband   5.200       4.870       3.203       1.557       0.110       0.0         
11   broadband   5.393       4.692       3.083       1.499       0.110       0.0         
12   broadband   5.593       4.521       2.968       1.443       0.110       0.0         
13   broadband   4.694       5.405       3.563       1.732       0.110       0.0         
14   broadband   5.248       4.825       3.173       1.542       0.110       0.0         
15   broadband   5.442       4.648       3.054       1.484       0.110       0.0         
16   broadband   4.747       5.344       3.522       1.712       0.110       0.0         
17   broadband   5.296       4.780       3.143       1.527       0.110       0.0         
18   broadband   5.492       4.605       3.025       1.470       0.110       0.0         
19   broadband   4.800       5.284       3.482       1.692       0.110       0.0         
20   broadband   5.344       4.736       3.113       1.513       0.110       0.0         
21   broadband   5.542       4.563       2.997       1.456       0.110       0.0         
22   blind       5.644       4.478       2.940       1.429       0.110       0.0         
23   blind       5.695       4.437       2.912       1.415       0.110       0.0         
24   blind       5.747       4.396       2.884       1.402       0.110       0.0         
25   blind       5.800       4.355       2.857       1.388       0.110       0.0         
------------------------------------------------------------------------------------
[ 407.42336411  393.94386317  380.81344489 ...,  187.62044581  185.88608834
  184.16796136]------------------------------------------------------------------------------------
i    mode        F [GHz]     ltot [mm]   lwide [mm]  lal [mm]    lms [mm]    Fthz [GHz]  
------------------------------------------------------------------------------------
0    blind       6.500       4.137       4.137       0.000       0.000       0.0         
1    blind       6.689       4.020       4.020       0.000       0.000       0.0         
2    blind       6.883       3.906       3.906       0.000       0.000       0.0         
3    blind       7.083       3.796       3.796       0.000       0.000       0.0         
4    blind       7.288       3.689       3.689       0.000       0.000       0.0         
5    blind       7.500       3.585       3.585       0.000       0.000       0.0         
------------------------------------------------------------------------------------
[ 189.37153593  115.02250262  111.65446444  108.38235333  187.62044581
  105.20455994  102.11775223   99.11659968]