# f	l_couple	l_vert	
# 0.269040181091 (lcfrac)
# 9.1e+11 (f0)
# 3.8e+11 (f0_FB)
# 0.971701285387 (lengthshift filterbank)
# 4.7 (rturn)
# 1.09493096955 Lstubfrac
# 2.46666863464 LstubShift
3.000000000000000000e+11 2.893201498571972508e+01 3.490838045180569793e+01
3.010000000000000000e+11 2.883325401316798775e+01 3.473881606745679562e+01
3.020000000000000000e+11 2.873514248818035455e+01 3.457036673061630694e+01
3.030000000000000000e+11 2.863767397628984668e+01 3.440302139383906876e+01
3.040000000000000000e+11 2.854084212757888039e+01 3.423676915484414707e+01
3.050000000000000000e+11 2.844464067560859633e+01 3.407159925467668415e+01
3.060000000000000000e+11 2.834906343566956366e+01 3.390750107470442742e+01
3.070000000000000000e+11 2.825410430368221881e+01 3.374446413472992390e+01
3.080000000000000000e+11 2.815975725483322378e+01 3.358247809064924638e+01
3.090000000000000000e+11 2.806601634221919639e+01 3.342153273212337439e+01
3.100000000000000000e+11 2.797287569571544097e+01 3.326161798063593977e+01
3.110000000000000000e+11 2.788032952061528391e+01 3.310272388715702618e+01
3.120000000000000000e+11 2.778837209656857610e+01 3.294484063032069088e+01
3.130000000000000000e+11 2.769699777624191128e+01 3.278795851412470341e+01
3.140000000000000000e+11 2.760620098419640200e+01 3.263206796600371007e+01
3.150000000000000000e+11 2.751597621592443943e+01 3.247715953517548826e+01
3.160000000000000000e+11 2.742631803642782273e+01 3.232322389019969933e+01
3.170000000000000000e+11 2.733722107923180644e+01 3.217025181728507022e+01
3.180000000000000000e+11 2.724868004551232659e+01 3.201823421879094411e+01
3.190000000000000000e+11 2.716068970274612226e+01 3.186716211090961082e+01
3.200000000000000000e+11 2.707324488391778772e+01 3.171702662230492820e+01
3.210000000000000000e+11 2.698634048619442183e+01 3.156781899183677353e+01
3.220000000000000000e+11 2.689997147528790222e+01 3.141953057605071109e+01
3.230000000000000000e+11 2.681413287718537575e+01 3.127215283497992715e+01
3.240000000000000000e+11 2.672881976827452277e+01 3.112567731519116165e+01
3.250000000000000000e+11 2.664402729355474975e+01 3.098009568105175049e+01
3.260000000000000000e+11 2.655975065752011943e+01 3.083539969907644718e+01
3.270000000000000000e+11 2.647598512317999564e+01 3.069158123624590928e+01
3.280000000000000000e+11 2.639272601149221842e+01 3.054863225903347512e+01
3.290000000000000000e+11 2.630996870019520628e+01 3.040654483140008324e+01
3.300000000000000000e+11 2.622770862303168471e+01 3.026531111346135816e+01
3.310000000000000000e+11 2.614594126898321136e+01 3.012492336017343320e+01
3.320000000000000000e+11 2.606466218110369581e+01 2.998537391933017915e+01
3.330000000000000000e+11 2.598386695635218047e+01 2.984665523127608822e+01
3.340000000000000000e+11 2.590355124411726351e+01 2.970875982637286228e+01
3.350000000000000000e+11 2.582371074581330461e+01 2.957168032430610793e+01
3.360000000000000000e+11 2.574434121402014242e+01 2.943540943260828868e+01
3.370000000000000000e+11 2.566543845159429793e+01 2.929993994513277755e+01
3.380000000000000000e+11 2.558699831127919566e+01 2.916526474138461822e+01
3.390000000000000000e+11 2.550901669450339782e+01 2.903137678445715864e+01
3.400000000000000000e+11 2.543148955097384345e+01 2.889826912033373674e+01
3.410000000000000000e+11 2.535441287795595855e+01 2.876593487665167004e+01
3.420000000000000000e+11 2.527778271941071253e+01 2.863436726122061060e+01
3.430000000000000000e+11 2.520159516551264289e+01 2.850355956119510381e+01
3.440000000000000000e+11 2.512584635177376668e+01 2.837350514157034809e+01
3.450000000000000000e+11 2.505053245854540123e+01 2.824419744432690749e+01
3.460000000000000000e+11 2.497564971033887105e+01 2.811562998726442686e+01
3.470000000000000000e+11 2.490119437513750356e+01 2.798779636282034033e+01
3.480000000000000000e+11 2.482716276383885301e+01 2.786069023711225867e+01
3.490000000000000000e+11 2.475355122956421994e+01 2.773430534875245002e+01
3.500000000000000000e+11 2.468035616703018675e+01 2.760863550776884523e+01
3.510000000000000000e+11 2.460757401219411378e+01 2.748367459499633014e+01
3.520000000000000000e+11 2.453520124134536928e+01 2.735941656051653581e+01
3.530000000000000000e+11 2.446323437075393414e+01 2.723585542305445273e+01
3.540000000000000000e+11 2.439166995602671761e+01 2.711298526887331661e+01
3.550000000000000000e+11 2.432050459143581733e+01 2.699080025062129806e+01
3.560000000000000000e+11 2.424973490977953361e+01 2.686929458709282414e+01
3.570000000000000000e+11 2.417935758130575508e+01 2.674846256138017253e+01
3.580000000000000000e+11 2.410936931351700352e+01 2.662829852053874191e+01
3.590000000000000000e+11 2.403976685066305308e+01 2.650879687471589108e+01
3.600000000000000000e+11 2.397054697300533022e+01 2.638995209588799895e+01
3.610000000000000000e+11 2.390170649666821845e+01 2.627175871760516657e+01
3.620000000000000000e+11 2.383324227273369189e+01 2.615421133343676274e+01
3.630000000000000000e+11 2.376515118701864537e+01 2.603730459658915208e+01
3.640000000000000000e+11 2.369743015961752164e+01 2.592103321912036762e+01
3.650000000000000000e+11 2.363007614428144620e+01 2.580539197087419723e+01
3.660000000000000000e+11 2.356308612812704695e+01 2.569037567898021734e+01
3.670000000000000000e+11 2.349645713093794797e+01 2.557597922665451051e+01
3.680000000000000000e+11 2.343018620495683280e+01 2.546219755284269581e+01
3.690000000000000000e+11 2.336427043440250628e+01 2.534902565139068997e+01
3.700000000000000000e+11 2.329870693492847877e+01 2.523645857011525351e+01
3.710000000000000000e+11 2.323349285333867442e+01 2.512449141031574129e+01
3.720000000000000000e+11 2.316862536704866571e+01 2.501311932584923881e+01
3.730000000000000000e+11 2.310410168359977590e+01 2.490233752229618602e+01
3.740000000000000000e+11 2.303991904066229779e+01 2.479214125696599069e+01
3.750000000000000000e+11 2.297607470510243743e+01 2.468252583729501026e+01
3.760000000000000000e+11 2.291256597296675324e+01 2.457348662081983548e+01
3.770000000000000000e+11 2.284939016899707909e+01 2.446501901434448456e+01
3.780000000000000000e+11 2.278654464598905349e+01 2.435711847283899090e+01
3.790000000000000000e+11 2.272402678502259121e+01 2.424978049983517536e+01
3.800000000000000000e+11 2.266183399446493851e+01 2.414300064571491333e+01
3.810000000000000000e+11 2.259996370990803172e+01 2.403677450760264378e+01
3.820000000000000000e+11 2.253841339387916420e+01 2.393109772886852937e+01
3.830000000000000000e+11 2.247718053526408966e+01 2.382596599813805938e+01
3.840000000000000000e+11 2.241626264919372602e+01 2.372137504909746042e+01
3.850000000000000000e+11 2.235565727651853862e+01 2.361732065959130722e+01
3.860000000000000000e+11 2.229536198355998522e+01 2.351379865119575641e+01
3.870000000000000000e+11 2.223537436184349048e+01 2.341080488876005461e+01
3.880000000000000000e+11 2.217569202760711988e+01 2.330833527956301054e+01
3.890000000000000000e+11 2.211631262164452494e+01 2.320638577304335115e+01
3.900000000000000000e+11 2.205723380893691044e+01 2.310495236016779330e+01
3.910000000000000000e+11 2.199845327826557195e+01 2.300403107276586923e+01
3.920000000000000000e+11 2.193996874201566527e+01 2.290361798319294451e+01
3.930000000000000000e+11 2.188177793584456765e+01 2.280370920376087440e+01
3.940000000000000000e+11 2.182387861838389398e+01 2.270430088622634912e+01
3.950000000000000000e+11 2.176626857092663059e+01 2.260538922125378036e+01
3.960000000000000000e+11 2.170894559709337557e+01 2.250697043784221307e+01
3.970000000000000000e+11 2.165190752278139996e+01 2.240904080323791447e+01
3.980000000000000000e+11 2.159515219552375953e+01 2.231159662183395653e+01
3.990000000000000000e+11 2.153867748456649878e+01 2.221463423530283876e+01
4.000000000000000000e+11 2.148248128037684879e+01 2.211815002175206502e+01
4.010000000000000000e+11 2.142656149434353097e+01 2.202214039520960398e+01
4.020000000000000000e+11 2.137091605886970314e+01 2.192660180578346285e+01
4.030000000000000000e+11 2.131554292663859584e+01 2.183153073840085057e+01
4.040000000000000000e+11 2.126044007061472740e+01 2.173692371281026681e+01
4.050000000000000000e+11 2.120560548387014421e+01 2.164277728328313799e+01
4.060000000000000000e+11 2.115103717911146575e+01 2.154908803780187299e+01
4.070000000000000000e+11 2.109673318867662672e+01 2.145585259805415745e+01
4.080000000000000000e+11 2.104272372318417084e+01 2.136312283316201643e+01
4.090000000000000000e+11 2.098899937427562179e+01 2.127088258975562951e+01
4.100000000000000000e+11 2.093553342865155287e+01 2.117908600331934110e+01
4.110000000000000000e+11 2.088232399529232097e+01 2.108772982712954303e+01
4.120000000000000000e+11 2.082936920149033000e+01 2.099681084590287128e+01
4.130000000000000000e+11 2.077666719272577112e+01 2.090632587558292954e+01
4.140000000000000000e+11 2.072421613222379477e+01 2.081627176257987344e+01
4.150000000000000000e+11 2.067201420107253185e+01 2.072664538397317102e+01
4.160000000000000000e+11 2.062005959771256869e+01 2.063744364663499198e+01
4.170000000000000000e+11 2.056835053794512191e+01 2.054866348724424086e+01
4.180000000000000000e+11 2.051688525454581935e+01 2.046030187162352831e+01
4.190000000000000000e+11 2.046566199707282863e+01 2.037235579440964273e+01
4.200000000000000000e+11 2.041467903193711564e+01 2.028482227917425718e+01
4.210000000000000000e+11 2.036393464182059176e+01 2.019769837742488505e+01
4.220000000000000000e+11 2.031342712575865050e+01 2.011098116874664754e+01
4.230000000000000000e+11 2.026315479884410919e+01 2.002466776029387319e+01
4.240000000000000000e+11 2.021311599192206998e+01 1.993875528626629290e+01
4.250000000000000000e+11 2.016330905171355425e+01 1.985324090812126485e+01
4.260000000000000000e+11 2.011373234034174473e+01 1.976812181376036648e+01
4.270000000000000000e+11 2.006438423522199344e+01 1.968339521734058906e+01
4.280000000000000000e+11 2.001526312900809756e+01 1.959905835918203820e+01
4.290000000000000000e+11 1.996636742922098762e+01 1.951510850513045625e+01
4.300000000000000000e+11 1.991769555825667837e+01 1.943154294657087888e+01
4.310000000000000000e+11 1.986924595308626351e+01 1.934835899991254848e+01
4.320000000000000000e+11 1.982101706511136641e+01 1.926555400634070025e+01
4.330000000000000000e+11 1.977300736012058735e+01 1.918312533174183443e+01
4.340000000000000000e+11 1.972521531786675908e+01 1.910107036597788266e+01
4.350000000000000000e+11 1.967763943220474232e+01 1.901938652312277611e+01
4.360000000000000000e+11 1.963027821071905166e+01 1.893807124082311333e+01
4.370000000000000000e+11 1.958313017460973882e+01 1.885712198010225649e+01
4.380000000000000000e+11 1.953619385860369206e+01 1.877653622520801235e+01
4.390000000000000000e+11 1.948946781076542933e+01 1.869631148328780768e+01
4.400000000000000000e+11 1.944295059230899625e+01 1.861644528406566224e+01
4.410000000000000000e+11 1.939664077748936677e+01 1.853693517965585613e+01
4.420000000000000000e+11 1.935053695341412805e+01 1.845777874423950493e+01
4.430000000000000000e+11 1.930462925860481249e+01 1.837895904647740508e+01
4.440000000000000000e+11 1.925881746300029107e+01 1.830030399968217125e+01
4.450000000000000000e+11 1.921320772061398685e+01 1.822199586147510786e+01
4.460000000000000000e+11 1.916779866693261525e+01 1.814403228910024524e+01
4.470000000000000000e+11 1.912258894954530319e+01 1.806641096058051232e+01
4.480000000000000000e+11 1.907757722819813750e+01 1.798912957481125829e+01
4.490000000000000000e+11 1.903276217445217355e+01 1.791218585097321636e+01
4.500000000000000000e+11 1.898814247166540525e+01 1.783557752850143174e+01
4.510000000000000000e+11 1.894371681493283432e+01 1.775930236698246745e+01
4.520000000000000000e+11 1.889948391080162438e+01 1.768335814566524533e+01
4.530000000000000000e+11 1.885544247725469091e+01 1.760774266343295835e+01
4.540000000000000000e+11 1.881159124353277079e+01 1.753245373849753008e+01
4.550000000000000000e+11 1.876792894997333505e+01 1.745748920812305727e+01
4.560000000000000000e+11 1.872445434803062270e+01 1.738284692866020720e+01
4.570000000000000000e+11 1.868116620001585204e+01 1.730852477510016740e+01
4.580000000000000000e+11 1.863806327905333049e+01 1.723452064099931391e+01
4.590000000000000000e+11 1.859514436892797207e+01 1.716083243821739046e+01
4.600000000000000000e+11 1.855240826388727271e+01 1.708745809657752091e+01
4.610000000000000000e+11 1.850985376878734812e+01 1.701439556411695975e+01
4.620000000000000000e+11 1.846747969867177019e+01 1.694164280636397990e+01
4.630000000000000000e+11 1.842528487886752941e+01 1.686919780650261202e+01
4.640000000000000000e+11 1.838326814479700388e+01 1.679705856504984496e+01
4.650000000000000000e+11 1.834142834178087256e+01 1.672522309951720132e+01
4.660000000000000000e+11 1.829976432520687268e+01 1.665368944470054657e+01
4.670000000000000000e+11 1.825827496010419537e+01 1.658245565194928872e+01
4.680000000000000000e+11 1.821695912120169680e+01 1.651151978926638719e+01
4.690000000000000000e+11 1.817581569287647625e+01 1.644087994121997554e+01
4.700000000000000000e+11 1.813484356883532911e+01 1.637053420839657747e+01
4.710000000000000000e+11 1.809404165232785999e+01 1.630048070776685165e+01
4.720000000000000000e+11 1.805340885576159238e+01 1.623071757202490772e+01
4.730000000000000000e+11 1.801294410070228125e+01 1.616124294958873264e+01
4.740000000000000000e+11 1.797264631789534661e+01 1.609205500463704652e+01
4.750000000000000000e+11 1.793251444697003194e+01 1.602315191660137828e+01
4.760000000000000000e+11 1.789260439619368981e+01 1.595462967533164544e+01
4.770000000000000000e+11 1.785285997952951575e+01 1.588639181407084067e+01
4.780000000000000000e+11 1.781327824288493389e+01 1.581843326088745982e+01
4.790000000000000000e+11 1.777385816171671351e+01 1.575075225672591017e+01
4.800000000000000000e+11 1.773459871996588078e+01 1.568334705709733612e+01
4.810000000000000000e+11 1.769549891003919129e+01 1.561621593204786507e+01
4.820000000000000000e+11 1.765655773265199358e+01 1.554935716588875749e+01
4.830000000000000000e+11 1.761777419673115830e+01 1.548276905702982020e+01
4.840000000000000000e+11 1.757914731948366338e+01 1.541644991809706511e+01
4.850000000000000000e+11 1.754067612609135907e+01 1.535039807540872658e+01
4.860000000000000000e+11 1.750235964979337311e+01 1.528461186911672343e+01
4.870000000000000000e+11 1.746419693173005072e+01 1.521908965293869187e+01
4.880000000000000000e+11 1.742618702081541571e+01 1.515382979393901763e+01
4.890000000000000000e+11 1.738832897387331045e+01 1.508883067276260448e+01
4.900000000000000000e+11 1.735062185524694200e+01 1.502409068296448424e+01
4.910000000000000000e+11 1.731306473693831194e+01 1.495960823124919870e+01
4.920000000000000000e+11 1.727565669846927676e+01 1.489538173723225611e+01
4.930000000000000000e+11 1.723839682682124419e+01 1.483140963333657680e+01
4.940000000000000000e+11 1.720128421633360816e+01 1.476769036461814721e+01
4.950000000000000000e+11 1.716431796862734416e+01 1.470422238863483955e+01
4.960000000000000000e+11 1.712749719251423386e+01 1.464100417529052578e+01
4.970000000000000000e+11 1.709082100402615012e+01 1.457803420688534857e+01
4.980000000000000000e+11 1.705428852622891256e+01 1.451531097779621859e+01
4.990000000000000000e+11 1.701789888920025717e+01 1.445283299443885028e+01
5.000000000000000000e+11 1.698165122996610776e+01 1.439059877515848029e+01
5.010000000000000000e+11 1.694554469234524419e+01 1.432860684996307299e+01
5.020000000000000000e+11 1.690957842705214276e+01 1.426685576069996841e+01
5.030000000000000000e+11 1.687375159147424242e+01 1.420534406067338296e+01
5.040000000000000000e+11 1.683806334969089136e+01 1.414407031467701614e+01
5.050000000000000000e+11 1.680251287237230784e+01 1.408303309882053611e+01
5.060000000000000000e+11 1.676709933662676377e+01 1.402223100026722591e+01
5.070000000000000000e+11 1.673182192621275632e+01 1.396166261759825034e+01
5.080000000000000000e+11 1.669667983113064125e+01 1.390132656011149237e+01
5.090000000000000000e+11 1.666167224777397138e+01 1.384122144808146260e+01
5.100000000000000000e+11 1.662679837885898593e+01 1.378134591263818010e+01
5.110000000000000000e+11 1.659205743321300375e+01 1.372169859540390036e+01
5.120000000000000000e+11 1.655744862593706301e+01 1.366227814877229463e+01
5.130000000000000000e+11 1.652297117815059480e+01 1.360308323547017295e+01
5.140000000000000000e+11 1.648862431700278108e+01 1.354411252857686065e+01
5.150000000000000000e+11 1.645440727569198813e+01 1.348536471155767913e+01
5.160000000000000000e+11 1.642031929324340567e+01 1.342683847788210016e+01
5.170000000000000000e+11 1.638635961461660528e+01 1.336853253120844442e+01
5.180000000000000000e+11 1.635252749053139709e+01 1.331044558508487796e+01
5.190000000000000000e+11 1.631882217746287722e+01 1.325257636294090702e+01
5.200000000000000000e+11 1.628524293761840980e+01 1.319492359804788606e+01
5.210000000000000000e+11 1.625178903876979675e+01 1.313748603323082165e+01
5.220000000000000000e+11 1.621845975434614218e+01 1.308026242102787506e+01
5.230000000000000000e+11 1.618525436327751166e+01 1.302325152342186243e+01
5.240000000000000000e+11 1.615217214992937400e+01 1.296645211172776158e+01
5.250000000000000000e+11 1.611921240417988344e+01 1.290986296672534905e+01
5.260000000000000000e+11 1.608637442120391015e+01 1.285348287828845315e+01
5.270000000000000000e+11 1.605365750154918913e+01 1.279731064551565112e+01
5.280000000000000000e+11 1.602106095101565231e+01 1.274134507652308201e+01
5.290000000000000000e+11 1.598858408058062786e+01 1.268558498831607650e+01
5.300000000000000000e+11 1.595622620650473067e+01 1.263002920697092435e+01
5.310000000000000000e+11 1.592398665006348857e+01 1.257467656717409099e+01
5.320000000000000000e+11 1.589186474348141331e+01 1.251952592241054418e+01
5.330000000000000000e+11 1.585985981951676926e+01 1.246457612708167417e+01
5.340000000000000000e+11 1.582797120736459284e+01 1.240982602947107338e+01
5.350000000000000000e+11 1.579619824842225029e+01 1.235527449881275430e+01
5.360000000000000000e+11 1.576454028886359993e+01 1.230092041254155077e+01
5.370000000000000000e+11 1.573299667975072680e+01 1.224676265648497520e+01
5.380000000000000000e+11 1.570156677695633896e+01 1.219280012472998820e+01
5.390000000000000000e+11 1.567024994109976888e+01 1.213903171951310611e+01
5.400000000000000000e+11 1.563904553751360282e+01 1.208545635116310990e+01
5.410000000000000000e+11 1.560795293615838553e+01 1.203207293795460586e+01
5.420000000000000000e+11 1.557697151163477045e+01 1.197888040612886584e+01
5.430000000000000000e+11 1.554610064315185092e+01 1.192587768983949204e+01
5.440000000000000000e+11 1.551533971440941606e+01 1.187306373095022494e+01
5.450000000000000000e+11 1.548468811365730957e+01 1.182043747913687071e+01
5.460000000000000000e+11 1.545414523355981729e+01 1.176799789165446697e+01
5.470000000000000000e+11 1.542371047113890548e+01 1.171574393323983188e+01
5.480000000000000000e+11 1.539338322791776648e+01 1.166367457635801230e+01
5.490000000000000000e+11 1.536316290964099984e+01 1.161178880072185748e+01
5.500000000000000000e+11 1.533304892641212724e+01 1.156008559352812526e+01
5.510000000000000000e+11 1.530304069257464228e+01 1.150856394925324722e+01
5.520000000000000000e+11 1.527313762660485708e+01 1.145722286946937629e+01
5.530000000000000000e+11 1.524333915130344153e+01 1.140606136317321528e+01
5.540000000000000000e+11 1.521364469349466297e+01 1.135507844626965479e+01
5.550000000000000000e+11 1.518405368413025336e+01 1.130427314175009101e+01
5.560000000000000000e+11 1.515456555826491147e+01 1.125364447965039361e+01
5.570000000000000000e+11 1.512517975491882183e+01 1.120319149681481008e+01
5.580000000000000000e+11 1.509589571717587297e+01 1.115291323706466287e+01
5.590000000000000000e+11 1.506671289200433783e+01 1.110280875089042141e+01
5.600000000000000000e+11 1.503763073032851239e+01 1.105287709557472198e+01
5.610000000000000000e+11 1.500864868696905674e+01 1.100311733508993228e+01
5.620000000000000000e+11 1.497976622056236096e+01 1.095352853995970577e+01
5.630000000000000000e+11 1.495098279358612992e+01 1.090410978730293934e+01
5.640000000000000000e+11 1.492229787230115079e+01 1.085486016073373605e+01
5.650000000000000000e+11 1.489371092667622243e+01 1.080577875023256595e+01
5.660000000000000000e+11 1.486522143045907818e+01 1.075686465226800337e+01
5.670000000000000000e+11 1.483682886102528720e+01 1.070811696953733261e+01
5.680000000000000000e+11 1.480853269943578709e+01 1.065953481106529921e+01
5.690000000000000000e+11 1.478033243034625777e+01 1.061111729204851528e+01
5.700000000000000000e+11 1.475222754197974240e+01 1.056286353380847487e+01
5.710000000000000000e+11 1.472421752618662083e+01 1.051477266389449028e+01
5.720000000000000000e+11 1.469630187824861345e+01 1.046684381574722167e+01
5.730000000000000000e+11 1.466848009700209943e+01 1.041907612891036194e+01
5.740000000000000000e+11 1.464075168472090738e+01 1.037146874882942882e+01
5.750000000000000000e+11 1.461311614708092499e+01 1.032402082679099564e+01
5.760000000000000000e+11 1.458557299324475487e+01 1.027673152006802937e+01
5.770000000000000000e+11 1.455812173564640055e+01 1.022959999155022004e+01
5.780000000000000000e+11 1.453076189010891461e+01 1.018262540994598808e+01
5.790000000000000000e+11 1.450349297577229812e+01 1.013580694965866158e+01
5.800000000000000000e+11 1.447631451504832434e+01 1.008914379070892764e+01
5.810000000000000000e+11 1.444931403358539157e+01 1.004278620736305783e+01
5.820000000000000000e+11 1.442245253615429590e+01 9.996667248052411026e+00
5.830000000000000000e+11 1.439567990791314678e+01 9.950700869757238110e+00
5.840000000000000000e+11 1.436899568544417427e+01 9.904886276827721048e+00
5.850000000000000000e+11 1.434239940845658978e+01 9.859222678982831667e+00
5.860000000000000000e+11 1.431589061976628408e+01 9.813709291275433344e+00
5.870000000000000000e+11 1.428946886528338389e+01 9.768345334070939856e+00
5.880000000000000000e+11 1.426313369393543518e+01 9.723130032915424437e+00
5.890000000000000000e+11 1.423688465773679290e+01 9.678062618654767135e+00
5.900000000000000000e+11 1.421072131167695751e+01 9.633142327242897096e+00
5.910000000000000000e+11 1.418464321373448911e+01 9.588368399765741401e+00
5.920000000000000000e+11 1.415864992484671525e+01 9.543740082389160051e+00
5.930000000000000000e+11 1.413274100883166007e+01 9.499256626224944711e+00
5.940000000000000000e+11 1.410691603249849990e+01 9.454917287520437696e+00
5.950000000000000000e+11 1.408117456547339508e+01 9.410721327359528487e+00
5.960000000000000000e+11 1.405551618023781302e+01 9.366668011728400245e+00
5.970000000000000000e+11 1.402994045216657248e+01 9.322756611580903296e+00
5.980000000000000000e+11 1.400444695932087491e+01 9.278986402483180740e+00
5.990000000000000000e+11 1.397903528270310325e+01 9.235356665051131841e+00
6.000000000000000000e+11 1.395370500594974672e+01 9.191866684423203537e+00
6.010000000000000000e+11 1.392845571548298267e+01 9.148515750520637368e+00
6.020000000000000000e+11 1.390328700044397969e+01 9.105303157932954861e+00
6.030000000000000000e+11 1.387806039009782388e+01 9.061991163913102554e+00
6.040000000000000000e+11 1.385277180365577721e+01 9.018572762085867112e+00
6.050000000000000000e+11 1.382756290729194504e+01 8.975291181501901860e+00
6.060000000000000000e+11 1.380243329827849763e+01 8.932145730710985276e+00
6.070000000000000000e+11 1.377738257654422327e+01 8.889135722824086372e+00
6.080000000000000000e+11 1.375241034456768396e+01 8.846260475329923878e+00
6.090000000000000000e+11 1.372751620741894207e+01 8.803519310166603162e+00
6.100000000000000000e+11 1.370269977272337414e+01 8.760911553659504136e+00
6.110000000000000000e+11 1.367796065058749377e+01 8.718436536393895153e+00
6.120000000000000000e+11 1.365329845373252127e+01 8.676093593444299756e+00
6.130000000000000000e+11 1.362871279725167994e+01 8.633882063957749153e+00
6.140000000000000000e+11 1.360420329879863388e+01 8.591801291477366931e+00
6.150000000000000000e+11 1.357976957840801191e+01 8.549850623634164037e+00
6.160000000000000000e+11 1.355541125855588547e+01 8.508029412250934342e+00
6.170000000000000000e+11 1.353112796419566344e+01 8.466337013403833822e+00
6.180000000000000000e+11 1.350691932256199301e+01 8.424772787085732517e+00
6.190000000000000000e+11 1.348278496331797704e+01 8.383336097458933267e+00
6.200000000000000000e+11 1.345872451848949325e+01 8.342026312742447658e+00
6.210000000000000000e+11 1.343473762236217972e+01 8.300842805035106409e+00
6.220000000000000000e+11 1.341082391164701626e+01 8.259784950599840414e+00
6.230000000000000000e+11 1.338698302523330952e+01 8.218852129439589760e+00
6.240000000000000000e+11 1.336330243316287891e+01 8.178194520348746721e+00
6.250000000000000000e+11 1.333974828035209015e+01 8.137753996961542668e+00
6.260000000000000000e+11 1.331626572143647458e+01 8.097436394343997534e+00
6.270000000000000000e+11 1.329285440554014031e+01 8.057241110071352352e+00
6.280000000000000000e+11 1.326951398396071191e+01 8.017167545450607946e+00
6.290000000000000000e+11 1.324624411015938108e+01 7.977215105503411507e+00
6.300000000000000000e+11 1.322304443980641864e+01 7.937383199044241167e+00
6.310000000000000000e+11 1.319991463067238158e+01 7.897671238493565227e+00
6.320000000000000000e+11 1.317685434268281597e+01 7.858078639971807888e+00
6.330000000000000000e+11 1.315386323786292699e+01 7.818604823204328369e+00
6.340000000000000000e+11 1.313094098027771750e+01 7.779249211418637344e+00
6.350000000000000000e+11 1.310808723616955085e+01 7.740011231580613327e+00
6.360000000000000000e+11 1.308530167374509645e+01 7.700890314028669081e+00
6.370000000000000000e+11 1.306258396330661675e+01 7.661885892699185518e+00
6.380000000000000000e+11 1.303993377718030011e+01 7.622997405003449245e+00
6.390000000000000000e+11 1.301735078963697489e+01 7.584224291691533892e+00
6.400000000000000000e+11 1.299483467704313000e+01 7.545565997111602030e+00
6.410000000000000000e+11 1.297238511766427038e+01 7.507021968872244599e+00
6.420000000000000000e+11 1.295000179174843247e+01 7.468591657985907517e+00
6.430000000000000000e+11 1.292768438152967647e+01 7.430274518874881551e+00
6.440000000000000000e+11 1.290543257108279107e+01 7.392070009121816554e+00
6.450000000000000000e+11 1.288324604651481486e+01 7.353977589798585512e+00
6.460000000000000000e+11 1.286112449574282834e+01 7.315996725084744412e+00
6.470000000000000000e+11 1.283906760858779350e+01 7.278126882428651356e+00
6.480000000000000000e+11 1.281707507678834723e+01 7.240367532571159614e+00
6.490000000000000000e+11 1.279514659387345610e+01 7.202718149326972963e+00
6.500000000000000000e+11 1.277328185526802073e+01 7.165178209765947770e+00
6.510000000000000000e+11 1.275148055818938353e+01 7.127747194035411127e+00
6.520000000000000000e+11 1.272974240167438431e+01 7.090424585406633895e+00
6.530000000000000000e+11 1.270806708658181883e+01 7.053209870279015803e+00
6.540000000000000000e+11 1.268645431551528624e+01 7.016102538047643833e+00
6.550000000000000000e+11 1.266490379289277790e+01 6.979102081222773535e+00
6.560000000000000000e+11 1.264341522486127012e+01 6.942207995283173005e+00
6.570000000000000000e+11 1.262198831929338105e+01 6.905419778670403019e+00
6.580000000000000000e+11 1.260062278586318740e+01 6.868736932918970695e+00
6.590000000000000000e+11 1.257931833587176307e+01 6.832158962356803755e+00
6.600000000000000000e+11 1.255807468238383784e+01 6.795685374339893059e+00
6.610000000000000000e+11 1.253689154013821039e+01 6.759315679098449436e+00
6.620000000000000000e+11 1.251577974176541375e+01 6.723068475359077922e+00
6.630000000000000000e+11 1.249478717651884629e+01 6.687025984990992100e+00
6.640000000000000000e+11 1.247385421065308009e+01 6.651085821807953380e+00
6.650000000000000000e+11 1.245298056606459980e+01 6.615247508329318293e+00
6.660000000000000000e+11 1.243216596631494220e+01 6.579510569933223252e+00
6.670000000000000000e+11 1.241141013654277891e+01 6.543874534705604873e+00
6.680000000000000000e+11 1.239071280351222981e+01 6.508338933523155845e+00
6.690000000000000000e+11 1.237007369554585168e+01 6.472903299938280952e+00
6.700000000000000000e+11 1.234949254254744488e+01 6.437567170218237322e+00
6.710000000000000000e+11 1.232896907599454295e+01 6.402330083332266497e+00
6.720000000000000000e+11 1.230850302890888059e+01 6.367191580900872339e+00
6.730000000000000000e+11 1.228809413585894994e+01 6.332151207200208631e+00
6.740000000000000000e+11 1.226774213292991078e+01 6.297208509110411967e+00
6.750000000000000000e+11 1.224744675769554370e+01 6.262363036067480238e+00
6.760000000000000000e+11 1.222720774929587861e+01 6.227614340196510057e+00
6.770000000000000000e+11 1.220702484830848178e+01 6.192961976090735732e+00
6.780000000000000000e+11 1.218689779682088314e+01 6.158405500935877797e+00
6.790000000000000000e+11 1.216682633838740735e+01 6.123944474436026297e+00
6.800000000000000000e+11 1.214675776754560133e+01 6.089488405691149353e+00
6.810000000000000000e+11 1.212665357349964523e+01 6.054971174864490990e+00
6.820000000000000000e+11 1.210660433866381780e+01 6.020548304435358489e+00
6.830000000000000000e+11 1.208660981125199818e+01 5.986219362107892294e+00
6.840000000000000000e+11 1.206666974096090783e+01 5.951983918132171425e+00
6.850000000000000000e+11 1.204678387880250234e+01 5.917841545016404581e+00
6.860000000000000000e+11 1.202695197727346432e+01 5.883791817817961345e+00
6.870000000000000000e+11 1.200717379021143216e+01 5.849834313896522531e+00
6.880000000000000000e+11 1.198744907281588290e+01 5.815968612949919958e+00
6.890000000000000000e+11 1.196777758169940853e+01 5.782194297102208225e+00
6.900000000000000000e+11 1.194815907477853401e+01 5.748510950716159584e+00
6.910000000000000000e+11 1.192859331137028889e+01 5.714918160559122384e+00
6.920000000000000000e+11 1.190908005208102871e+01 5.681415515612091127e+00
6.930000000000000000e+11 1.188961905884170456e+01 5.648002607130298003e+00
6.940000000000000000e+11 1.187021009494650237e+01 5.614679028709520736e+00
6.950000000000000000e+11 1.185085292492905040e+01 5.581444376073562808e+00
6.960000000000000000e+11 1.183154731468251342e+01 5.548298247280435191e+00
6.970000000000000000e+11 1.181232364329085804e+01 5.515292800693284647e+00
6.980000000000000000e+11 1.179319321945643395e+01 5.482447452414447753e+00
6.990000000000000000e+11 1.177411359963530302e+01 5.449689330405412591e+00
7.000000000000000000e+11 1.175508455526492035e+01 5.417018042243260112e+00
7.010000000000000000e+11 1.173610585909183790e+01 5.384433197752709788e+00
7.020000000000000000e+11 1.171717728508131273e+01 5.351934408850887337e+00
7.030000000000000000e+11 1.169829860840098235e+01 5.319521289519308027e+00
7.040000000000000000e+11 1.167946960549171465e+01 5.287193455925518037e+00
7.050000000000000000e+11 1.166069005395270075e+01 5.254950526225794505e+00
7.060000000000000000e+11 1.164195973259055350e+01 5.222792120649486947e+00
7.070000000000000000e+11 1.162327842143563039e+01 5.190717861526980670e+00
7.080000000000000000e+11 1.160464590165567600e+01 5.158727373141481110e+00
7.090000000000000000e+11 1.158606195565035080e+01 5.126820281891284026e+00
7.100000000000000000e+11 1.156752636691889258e+01 5.094996216062572358e+00
7.110000000000000000e+11 1.154903892015768996e+01 5.063254805996930230e+00
7.120000000000000000e+11 1.153059940120872717e+01 5.031595684002834190e+00
7.130000000000000000e+11 1.151220759649975278e+01 5.000018483394477187e+00
7.140000000000000000e+11 1.149386330019526170e+01 4.968522850769396371e+00
7.150000000000000000e+11 1.147556628640298904e+01 4.937108398289343114e+00
7.160000000000000000e+11 1.145731635980827789e+01 4.905774790615282654e+00
7.170000000000000000e+11 1.143911330696893991e+01 4.874521661284706653e+00
7.180000000000000000e+11 1.142095692056410527e+01 4.843348654344907800e+00
7.190000000000000000e+11 1.140284699422553416e+01 4.812255415478759346e+00
7.200000000000000000e+11 1.138478332268623028e+01 4.781241592259892315e+00
7.210000000000000000e+11 1.136676570170141964e+01 4.750306834016992497e+00
7.220000000000000000e+11 1.134879392816285915e+01 4.719450792030087882e+00
7.230000000000000000e+11 1.133086779994921223e+01 4.688673119273634171e+00
7.240000000000000000e+11 1.131298711604419793e+01 4.657973470619374723e+00
7.250000000000000000e+11 1.129515167645810791e+01 4.627351502701600339e+00
7.260000000000000000e+11 1.127736128218580092e+01 4.596806873845018515e+00
7.270000000000000000e+11 1.125961573533534832e+01 4.566339244285622101e+00
7.280000000000000000e+11 1.124191483897534916e+01 4.535948275908570082e+00
7.290000000000000000e+11 1.122425840670350183e+01 4.505633648676585779e+00
7.300000000000000000e+11 1.120664623655132530e+01 4.475395015826570955e+00
7.310000000000000000e+11 1.118907813215615832e+01 4.445232040220155056e+00
7.320000000000000000e+11 1.117155390062884202e+01 4.415144390682680609e+00
7.330000000000000000e+11 1.115407335003362554e+01 4.385131737676399410e+00
7.340000000000000000e+11 1.113663628939128358e+01 4.355193753305862003e+00
7.350000000000000000e+11 1.111924252873970431e+01 4.325330111421891388e+00
7.360000000000000000e+11 1.110189187902482111e+01 4.295540487434376331e+00
7.370000000000000000e+11 1.108458415219427629e+01 4.265824558473031658e+00
7.380000000000000000e+11 1.106731916111283276e+01 4.236182003242216609e+00
7.390000000000000000e+11 1.105009671957013317e+01 4.206612502034200674e+00
7.400000000000000000e+11 1.103291664234171243e+01 4.177115736833986404e+00
7.410000000000000000e+11 1.101577874506463139e+01 4.147691391105706060e+00
7.420000000000000000e+11 1.099868284434831089e+01 4.118339149982990222e+00
7.430000000000000000e+11 1.098162875768957569e+01 4.089058700123036516e+00
7.440000000000000000e+11 1.096461630346693461e+01 4.059849729696839660e+00
7.450000000000000000e+11 1.094764530102630040e+01 4.030711928536337751e+00
7.460000000000000000e+11 1.093071557053217191e+01 4.001644987878925974e+00
7.470000000000000000e+11 1.091382693306234231e+01 3.972648600530028773e+00
7.480000000000000000e+11 1.089697921059423180e+01 3.943722460839680366e+00
7.490000000000000000e+11 1.088017222593499156e+01 3.914866264582471445e+00
7.500000000000000000e+11 1.086340580281895285e+01 3.886079709124899750e+00
7.510000000000000000e+11 1.084667976576908366e+01 3.857362493187476815e+00
7.520000000000000000e+11 1.082999394020116846e+01 3.828714317023607094e+00
7.530000000000000000e+11 1.081334815237271840e+01 3.800134882331882125e+00
7.540000000000000000e+11 1.079674222937718042e+01 3.771623892246111609e+00
7.550000000000000000e+11 1.078017599916929115e+01 3.743181051378869029e+00
7.560000000000000000e+11 1.076364929048001784e+01 3.714806065675460900e+00
7.570000000000000000e+11 1.074716193288743682e+01 3.686498642535596559e+00
7.580000000000000000e+11 1.073071376555918732e+01 3.658258505823482665e+00
7.590000000000000000e+11 1.071430461275535961e+01 3.630085353808290449e+00
7.600000000000000000e+11 1.069793430466453366e+01 3.601978894937925446e+00
7.610000000000000000e+11 1.068160267410080344e+01 3.573938842168072227e+00
7.620000000000000000e+11 1.066530955462950558e+01 3.545964909744242277e+00
7.630000000000000000e+11 1.064905478067206523e+01 3.518056813381786441e+00
7.640000000000000000e+11 1.063283818737224351e+01 3.490214270036226196e+00
7.650000000000000000e+11 1.061665961067582842e+01 3.462436998040125502e+00
7.660000000000000000e+11 1.060051888728775005e+01 3.434724717029407515e+00
7.670000000000000000e+11 1.058441585466071011e+01 3.407077147923867955e+00
7.680000000000000000e+11 1.056835035104318266e+01 3.379494013009576747e+00
7.690000000000000000e+11 1.055232221539663584e+01 3.351975035796755265e+00
7.700000000000000000e+11 1.053633128743990177e+01 3.324519941095946507e+00
7.710000000000000000e+11 1.052037740765421781e+01 3.297128455026705041e+00
7.720000000000000000e+11 1.050446041719667534e+01 3.269800304868937246e+00
7.730000000000000000e+11 1.048858015802512078e+01 3.242535219277410619e+00
7.740000000000000000e+11 1.047273647277195963e+01 3.215332928065031126e+00
7.750000000000000000e+11 1.045692920479563170e+01 3.188193162291256044e+00
7.760000000000000000e+11 1.044115819818182445e+01 3.161115654264165187e+00
7.770000000000000000e+11 1.042542329770306253e+01 3.134100137471087066e+00
7.780000000000000000e+11 1.040972434885769893e+01 3.107146346645517809e+00
7.790000000000000000e+11 1.039406119780824334e+01 3.080254017661278709e+00
7.800000000000000000e+11 1.037843369142823491e+01 3.053422887612953218e+00
7.810000000000000000e+11 1.036284167727946581e+01 3.026652694776799990e+00
7.820000000000000000e+11 1.034728500358378156e+01 2.999943178562354262e+00
7.830000000000000000e+11 1.033176351927335368e+01 2.973294079598684192e+00
7.840000000000000000e+11 1.031627707578384978e+01 2.946705142813197398e+00
7.850000000000000000e+11 1.030082553144484869e+01 2.920176124969533049e+00
7.860000000000000000e+11 1.028540872721782407e+01 2.893706753011763055e+00
7.870000000000000000e+11 1.027002651462304961e+01 2.867296772012526418e+00
7.880000000000000000e+11 1.025467874588628625e+01 2.840945928255745656e+00
7.890000000000000000e+11 1.023936527385307826e+01 2.814653969089441432e+00
7.900000000000000000e+11 1.022408595199097192e+01 2.788420642929558824e+00
7.910000000000000000e+11 1.020884063446165158e+01 2.762245699383825581e+00
7.920000000000000000e+11 1.019362917598444795e+01 2.736128889017415133e+00
7.930000000000000000e+11 1.017845143193669877e+01 2.710069963525224779e+00
7.940000000000000000e+11 1.016330725832495752e+01 2.684068675682471650e+00
7.950000000000000000e+11 1.014819651173581683e+01 2.658124779260251813e+00
7.960000000000000000e+11 1.013311904941667763e+01 2.632238029164213344e+00
7.970000000000000000e+11 1.011807472915974415e+01 2.606408181235380539e+00
7.980000000000000000e+11 1.010306340939335890e+01 2.580634992406988459e+00
7.990000000000000000e+11 1.008808494912857512e+01 2.554918220612726998e+00
8.000000000000000000e+11 1.007313920797035500e+01 2.529257624805975269e+00
8.010000000000000000e+11 1.005822604612036208e+01 2.503652964964604877e+00
8.020000000000000000e+11 1.004334532434490157e+01 2.478104002035941278e+00
8.030000000000000000e+11 1.002849690396302584e+01 2.452610497916307253e+00
8.040000000000000000e+11 1.001368064691333792e+01 2.427172215565764901e+00
8.050000000000000000e+11 9.998896415666425952e+00 2.401788918857732824e+00
8.060000000000000000e+11 9.984144073273352404e+00 2.376460372662265286e+00
8.070000000000000000e+11 9.969423483343096137e+00 2.351186342807316976e+00
8.080000000000000000e+11 9.954734509989698665e+00 2.325966595987978280e+00
8.090000000000000000e+11 9.940120645484213924e+00 2.300875804820108783e+00
8.100000000000000000e+11 9.925581164064080752e+00 2.275912723229701840e+00
8.110000000000000000e+11 9.911072865459965797e+00 2.251003179943577237e+00
8.120000000000000000e+11 9.896595616621453928e+00 2.226146946525240367e+00
8.130000000000000000e+11 9.882149284992369331e+00 2.201343795386740965e+00
8.140000000000000000e+11 9.867733738601735638e+00 2.176593499944878829e+00
8.150000000000000000e+11 9.853348845948257662e+00 2.151895834422859366e+00
8.160000000000000000e+11 9.838994476067814077e+00 2.127250573966165348e+00
8.170000000000000000e+11 9.824670498513812689e+00 2.102657494608838107e+00
8.180000000000000000e+11 9.810376783321578031e+00 2.078116373212321122e+00
8.190000000000000000e+11 9.796113201064011733e+00 2.053626987561049333e+00
8.200000000000000000e+11 9.781879622790334849e+00 2.029189116257242631e+00
8.210000000000000000e+11 9.767524697671092326e+00 2.004542902501668777e+00
8.220000000000000000e+11 9.753174510681422049e+00 1.979904823720893603e+00
8.230000000000000000e+11 9.738853998322454686e+00 1.955317693815537439e+00
8.240000000000000000e+11 9.724563032329298196e+00 1.930781292565423968e+00
8.250000000000000000e+11 9.710301484893435031e+00 1.906295400533949191e+00
8.260000000000000000e+11 9.696069228656799766e+00 1.881859799057906457e+00
8.270000000000000000e+11 9.681866136787258270e+00 1.857474270377050374e+00
8.280000000000000000e+11 9.667692082846562229e+00 1.833138597407408810e+00
8.290000000000000000e+11 9.653546940912093532e+00 1.808852563950324566e+00
8.300000000000000000e+11 9.639430585471261637e+00 1.784615954511092895e+00
8.310000000000000000e+11 9.625342891470927142e+00 1.760428554383867805e+00
8.320000000000000000e+11 9.611340459856313245e+00 1.736387542688927255e+00
8.330000000000000000e+11 9.597399297503180549e+00 1.712451725225420773e+00
8.340000000000000000e+11 9.583486398669659678e+00 1.688564433876820203e+00
8.350000000000000000e+11 9.569601640733925052e+00 1.664725458111639966e+00
8.360000000000000000e+11 9.555744901472460029e+00 1.640934588082256340e+00
8.370000000000000000e+11 9.541916059137697914e+00 1.617191614758219487e+00
8.380000000000000000e+11 9.528114992332069377e+00 1.593496329709982007e+00
8.390000000000000000e+11 9.514341580118781394e+00 1.569848525299114783e+00
8.400000000000000000e+11 9.500595701967418094e+00 1.546247994584920349e+00
8.410000000000000000e+11 9.486877237746170977e+00 1.522694531311060473e+00
8.420000000000000000e+11 9.473186067746832251e+00 1.499187929948480047e+00
8.430000000000000000e+11 9.459522072625249578e+00 1.475727985593199065e+00
8.440000000000000000e+11 9.445885133448044257e+00 1.452314494046468951e+00
8.450000000000000000e+11 9.432275131683102387e+00 1.428947251798518892e+00
8.460000000000000000e+11 9.418691949176137612e+00 1.405626055988239642e+00
8.470000000000000000e+11 9.405135468159508960e+00 1.382350704418389142e+00
8.480000000000000000e+11 9.391605571240191352e+00 1.359120995534887300e+00
8.490000000000000000e+11 9.378102141367335776e+00 1.335936728371159177e+00
8.500000000000000000e+11 9.364625061924957805e+00 1.312797702707236169e+00
8.510000000000000000e+11 9.351174216603624245e+00 1.289703718849501968e+00
8.520000000000000000e+11 9.337749489491816490e+00 1.266654577787491576e+00
8.530000000000000000e+11 9.324350770051275106e+00 1.243650089736213715e+00
8.540000000000000000e+11 9.310977947069423166e+00 1.220690063752908117e+00
8.550000000000000000e+11 9.297630896649936361e+00 1.197774287117876924e+00
8.560000000000000000e+11 9.284309504248485112e+00 1.174902563168021885e+00
8.570000000000000000e+11 9.271013655677435850e+00 1.152074695852668640e+00
8.580000000000000000e+11 9.257743237101385247e+00 1.129290489725885749e+00
8.590000000000000000e+11 9.244498134980512205e+00 1.106549749849232711e+00
8.600000000000000000e+11 9.231278236149472960e+00 1.083852281927217831e+00
8.610000000000000000e+11 9.218083427722678636e+00 1.061197892144662092e+00
8.620000000000000000e+11 9.204913597151254123e+00 1.038586387264501809e+00
8.630000000000000000e+11 9.191768632212815149e+00 1.016017574610227570e+00
8.640000000000000000e+11 9.178648420959724774e+00 9.934912619770415176e-01
8.650000000000000000e+11 9.165552851794922518e+00 9.710072577620643131e-01
8.660000000000000000e+11 9.152481813384204301e+00 9.485653708137213869e-01
8.670000000000000000e+11 9.139435194708642740e+00 9.261654105217402844e-01
8.680000000000000000e+11 9.126412885048997836e+00 9.038071867903774148e-01
8.690000000000000000e+11 9.113414773949225278e+00 8.814905099757872620e-01
8.700000000000000000e+11 9.100440751270980400e+00 8.592151909795830989e-01
8.710000000000000000e+11 9.087490707132193535e+00 8.369810411433817876e-01
8.720000000000000000e+11 9.074564531910697340e+00 8.147878722550210284e-01
8.730000000000000000e+11 9.061662144393606511e+00 7.926355448787312241e-01
8.740000000000000000e+11 9.048783433860402070e+00 7.705238689165874177e-01
8.750000000000000000e+11 9.035928265080006128e+00 7.484526121880534788e-01
8.760000000000000000e+11 9.023096529494646134e+00 7.264215883084510494e-01
8.770000000000000000e+11 9.010288118801449642e+00 7.044306113307605699e-01
8.780000000000000000e+11 8.997502924996188867e+00 6.824794958206830131e-01
8.790000000000000000e+11 8.984740840250742266e+00 6.605680566463014713e-01
8.800000000000000000e+11 8.972001757015275913e+00 6.386961091534821833e-01
8.810000000000000000e+11 8.959285567970496800e+00 6.168634690839169821e-01
8.820000000000000000e+11 8.946592166023160431e+00 5.950699525674032486e-01
8.830000000000000000e+11 8.933921444328108308e+00 5.733153761596803122e-01
8.840000000000000000e+11 8.921273296221398752e+00 5.515995567276199552e-01
8.850000000000000000e+11 8.908647615278521670e+00 5.299223115491855651e-01
8.860000000000000000e+11 8.896044295291778425e+00 5.082834582745796581e-01
8.870000000000000000e+11 8.883463230251473775e+00 4.866828148939639220e-01
8.880000000000000000e+11 8.870904314366422128e+00 4.651201997726595039e-01
8.890000000000000000e+11 8.858367442025869565e+00 4.435954315857841834e-01
8.900000000000000000e+11 8.845852507802291598e+00 4.221083293230307731e-01
8.910000000000000000e+11 8.833359406487616639e+00 4.006587123508822401e-01
8.920000000000000000e+11 8.820888033041999421e+00 3.792464003246607263e-01
8.930000000000000000e+11 8.808438282606116942e+00 3.578712132096022458e-01
8.940000000000000000e+11 8.796010050503157984e+00 3.365329712843383447e-01
8.950000000000000000e+11 8.783603232178482045e+00 3.152314950372243629e-01
8.960000000000000000e+11 8.771217723319347570e+00 2.939666053719598438e-01
8.970000000000000000e+11 8.758853419712023580e+00 2.727381233622203638e-01
8.980000000000000000e+11 8.746510217316153302e+00 2.515458703793598261e-01
8.990000000000000000e+11 8.734188012256431932e+00 2.303896680781107875e-01
9.000000000000000000e+11 8.721886700753179511e+00 2.092693382773838096e-01
9.010000000000000000e+11 8.709606179227845857e+00 1.881847031414203286e-01
9.020000000000000000e+11 8.697346344190513889e+00 1.671355849866174026e-01
9.030000000000000000e+11 8.685107092286953545e+00 1.461218063623626051e-01
9.040000000000000000e+11 8.672888320305579768e+00 1.251431900629320637e-01
9.050000000000000000e+11 8.660689925120010457e+00 1.041995590288991025e-01
9.060000000000000000e+11 8.648511803751466331e+00 8.329073645425566497e-02
9.070000000000000000e+11 8.636353853298196270e+00 6.241654566524346137e-02
9.080000000000000000e+11 8.624215970963907907e+00 4.157681016917180727e-02
9.090000000000000000e+11 8.612098054074204256e+00 2.077135368262972293e-02
9.100000000000000000e+11 8.599999999999999645e+00 3.552713678800500929e-15
9.110000000000000000e+11 8.587921706235709607e+00 -2.073742687227664305e-02
9.120000000000000000e+11 8.575863070331195104e+00 -4.144110283259294647e-02
9.130000000000000000e+11 8.563823989898507349e+00 -6.211120367253997188e-02
9.140000000000000000e+11 8.551804362666409531e+00 -8.274790498333572941e-02
9.150000000000000000e+11 8.539804086356076240e+00 -1.033513823692295830e-01
9.160000000000000000e+11 8.527823058791920374e+00 -1.239218112572118002e-01
9.170000000000000000e+11 8.515861177831050455e+00 -1.444593670181397727e-01
9.180000000000000000e+11 8.503918341343448262e+00 -1.649642250007765654e-01
9.190000000000000000e+11 8.491994447303255811e+00 -1.854365603750309788e-01
